m4_init()
m4_define([b4_actions], 
[])

m4_define([b4_mergers], 
[[]])

m4_define([b4_tokens], 
[[[[ANA]], 258],
[[[NTA]], 259],
[[[NTI]], 260],
[[[HNA]], 261],
[[[NTUMA]], 262],
[[[ADJF]], 263],
[[[HIYA]], 264],
[[[ANAPR]], 265],
[[[SUBM]], 266],
[[[PRADV]], 267],
[[[SUBF]], 268],
[[[SUBMP]], 269],
[[[SUBFP]], 270],
[[[ADJ]], 271],
[[[QUEST]], 272],
[[[TADV]], 273],
[[[NADV]], 274],
[[[NTIFF]], 275],
[[[NTAF]], 276],
[[[ANAF]], 277],
[[[HOWAF]], 278],
[[[HOMAN]], 279],
[[[HIYAF]], 280],
[[[HNAF]], 281],
[[[HOMAF]], 282],
[[[NTOMAF]], 283],
[[[ANANTAN]], 284],
[[[NTAPR]], 285],
[[[NTIPR]], 286],
[[[ADJMP]], 287],
[[[HOWAPR]], 288],
[[[ADJFP]], 289],
[[[HIYAPR]], 290],
[[[HNAPR]], 291],
[[[HIYAP]], 292],
[[[HOMAPR]], 293],
[[[ANAP]], 294],
[[[IMPF]], 295],
[[[EXCL]], 296],
[[[NTAP]], 297],
[[[HNAP]], 298],
[[[NTOMAPR]], 299],
[[[NTOMAP]], 300],
[[[HOMAP]], 301],
[[[IMPP]], 302],
[[[COMMA]], 303],
[[[PINTERO]], 304],
[[[PADV]], 305],
[[[FADV]], 306],
[[[VERBR]], 307],
[[[HIYAN]], 308],
[[[HNAN]], 309],
[[[HOMA]], 310],
[[[HOWA]], 311],
[[[HOWAN]], 312],
[[[NTOMA]], 313],
[[[NTOMAN]], 314],
[[[NUM]], 315]])

m4_define([b4_symbol_destructors], 
[])

m4_define([b4_symbol_printers], 
[])

m4_define([b4_translate],
[[     0,     2,     2,     2,     2,     2,     2,     2,     2,     2,
       2,     2,     2,     2,     2,     2,     2,     2,     2,     2,
       2,     2,     2,     2,     2,     2,     2,     2,     2,     2,
       2,     2,     2,     2,     2,     2,     2,     2,     2,     2,
       2,     2,     2,     2,     2,     2,     2,     2,     2,     2,
       2,     2,     2,     2,     2,     2,     2,     2,     2,     2,
       2,     2,     2,     2,     2,     2,     2,     2,     2,     2,
       2,     2,     2,     2,     2,     2,     2,     2,     2,     2,
       2,     2,     2,     2,     2,     2,     2,     2,     2,     2,
       2,     2,     2,     2,     2,     2,     2,     2,     2,     2,
       2,     2,     2,     2,     2,     2,     2,     2,     2,     2,
       2,     2,     2,     2,     2,     2,     2,     2,     2,     2,
       2,     2,     2,     2,     2,     2,     2,     2,     2,     2,
       2,     2,     2,     2,     2,     2,     2,     2,     2,     2,
       2,     2,     2,     2,     2,     2,     2,     2,     2,     2,
       2,     2,     2,     2,     2,     2,     2,     2,     2,     2,
       2,     2,     2,     2,     2,     2,     2,     2,     2,     2,
       2,     2,     2,     2,     2,     2,     2,     2,     2,     2,
       2,     2,     2,     2,     2,     2,     2,     2,     2,     2,
       2,     2,     2,     2,     2,     2,     2,     2,     2,     2,
       2,     2,     2,     2,     2,     2,     2,     2,     2,     2,
       2,     2,     2,     2,     2,     2,     2,     2,     2,     2,
       2,     2,     2,     2,     2,     2,     2,     2,     2,     2,
       2,     2,     2,     2,     2,     2,     2,     2,     2,     2,
       2,     2,     2,     2,     2,     2,     2,     2,     2,     2,
       2,     2,     2,     2,     2,     2,     1,     2,     3,     4,
       5,     6,     7,     8,     9,    10,    11,    12,    13,    14,
      15,    16,    17,    18,    19,    20,    21,    22,    23,    24,
      25,    26,    27,    28,    29,    30,    31,    32,    33,    34,
      35,    36,    37,    38,    39,    40,    41,    42,    43,    44,
      45,    46,    47,    48,    49,    50,    51,    52,    53,    54,
      55,    56,    57,    58,    59,    60]])


m4_define([b4_use_push_for_pull_flag],
[[0]])


m4_define([b4_pact_ninf],
[[-54]])


m4_define([b4_conflict_list_heads],
[[     0,     0,     0,     0,     0,     0,     0,     0,     0,     0,
       0,     0,     0,     0,     0,     0,     0,     0,     0,     0,
       0,     0,     0,     0,     0,     0,     0,     0,     0,     0,
       0,     0,     0,     0,     0,     0,     0,     0,     0,     0,
       0,     0,     0,     0,     0,     0,     0,     0,     0,     0,
       0,     0,     0,     0,     0,     0,     0,     0,     0,     0,
       0,     0,     0,     0,     0,     0,     0,     0,     0,     0,
       0,     0,     0,     0,     0,     0,     0,     0,     0,     0,
       0,     0,     0,     0,     0,     0,     0,     0,     0,     0,
       0,     0,     0,     0,     0,     0,     0,     0,     0,     0,
       0,     0,     0,     0,     0,     0,     0,     0,     0,     0,
       0,     0,     0,     0,     0,     0,     0,     0,     0,     0,
       0,     0,     0,     0,     0,     0,     0,     0,     0,     0,
       0,     0,     0,     0,     0,     0,     0,     0,     0,     0,
       0,     0,     0,     0,     0,     0,     0,     0,     0,     0,
       0,     0,     0,     0,     0,     0,     0,     0,     0,     0,
       0,     0,     0,     0,     0,     0,     0,     0,     0,     0,
       0,     0,     0,     0,     0,     0,     0,     0,     0,     0]])


m4_define([b4_toknum_max],
[[315]])


m4_define([b4_rhs],
[[    62,     0,    -1,    63,    -1,    81,    -1,    82,    -1,    83,
      -1,    64,    -1,    79,    -1,    71,    -1,    73,    -1,    75,
      -1,    56,    -1,    11,    -1,     9,    -1,    13,    -1,    65,
      -1,    66,    -1,    55,    -1,    15,    -1,    14,    -1,    51,
      48,    -1,    13,    -1,    15,    -1,    11,    -1,    14,    -1,
      69,     3,    22,    70,    -1,    69,     4,    21,    70,    -1,
      69,     5,    20,    70,    -1,    69,    65,    23,    70,    -1,
      69,    66,    25,    70,    -1,    69,    68,    27,    70,    -1,
      69,     6,    26,    70,    -1,    69,    58,    28,    70,    -1,
      50,    48,    -1,    72,     3,    39,    70,    -1,    72,     5,
      42,    70,    -1,    72,     4,    42,    70,    -1,    72,    67,
      37,    70,    -1,    72,     6,    43,    70,    -1,    72,    58,
      45,    70,    -1,    72,    68,    46,    70,    -1,    12,    48,
      -1,    74,     3,    10,    70,    -1,    74,     5,    30,    70,
      -1,    74,     4,    30,    70,    -1,    74,    67,    35,    70,
      -1,    74,     6,    36,    70,    -1,    74,    58,    44,    70,
      -1,    74,    68,    38,    70,    -1,     7,    -1,     6,    -1,
      14,    -1,    15,    -1,     8,    -1,    16,    -1,    11,    -1,
      13,    -1,    32,    -1,    34,    -1,     3,    77,    -1,     4,
      16,    -1,     5,     8,    -1,    76,    78,    -1,    19,    -1,
       3,    29,    70,    80,    -1,     4,    29,    70,    80,    -1,
       5,    29,    70,    80,    -1,    65,    57,    70,    80,    -1,
      66,    53,    70,    80,    -1,    68,    24,    70,    80,    -1,
       6,    54,    70,    80,    -1,    58,    59,    70,    80,    -1,
      17,    52,    70,    49,    -1,    40,    70,    41,    -1,    47,
      70,    41,    -1,    52,    70,    41,    -1]])


m4_define([b4_last],
[[179]])


m4_define([b4_stos_min],
[[0]])


m4_define([b4_tag_seen_flag],
[[1]])


m4_define([b4_token_table_flag],
[[0]])


m4_define([b4_parser_file_name],
[[y.tab.c]])


m4_define([b4_table_min],
[[-19]])


m4_define([b4_table],
[[    56,    48,    24,    59,    91,    25,    92,     1,     2,     3,
       4,     5,    49,     6,    46,     7,     8,     9,    10,    11,
     -19,    12,    38,   -18,    44,    39,    50,    40,    94,    72,
      41,    95,    73,    96,    97,    47,    98,    45,    51,    57,
      52,    53,    54,    42,    13,    58,   102,    60,   103,   104,
     105,    14,    61,    64,    15,    16,    17,    62,    99,    18,
      19,   100,    20,    65,    66,    67,    68,   101,    74,     6,
      83,     7,    90,     9,    69,    70,    75,    76,    77,    78,
     106,    63,     6,   107,     7,   108,     9,    69,    70,   109,
     111,   112,   138,   139,   140,   141,   142,   143,   144,   145,
     146,   147,   148,   149,   150,   151,   152,   153,   154,   155,
     156,   157,   158,   159,   110,    18,    19,   113,    71,   114,
     115,   116,   118,   121,    84,    85,    86,    87,    18,    19,
       6,    79,     7,   119,     9,    69,    70,   130,   131,   132,
     117,   120,   122,   124,   134,   135,   136,   137,   123,   125,
     126,   128,   127,   133,    89,     0,     0,     0,     0,     0,
       0,     0,     0,     0,     0,     0,     0,     0,     0,     0,
       0,     0,     0,     0,     0,     0,    18,    19,     0,    88]])


m4_define([b4_conflicting_rules_max],
[[0]])


m4_define([b4_merger],
[[     0,     0,     0,     0,     0,     0,     0,     0,     0,     0,
       0,     0,     0,     0,     0,     0,     0,     0,     0,     0,
       0,     0,     0,     0,     0,     0,     0,     0,     0,     0,
       0,     0,     0,     0,     0,     0,     0,     0,     0,     0,
       0,     0,     0,     0,     0,     0,     0,     0,     0,     0,
       0,     0,     0,     0,     0,     0,     0,     0,     0,     0,
       0,     0,     0,     0,     0,     0,     0,     0,     0,     0,
       0,     0,     0,     0,     0,     0]])


m4_define([b4_glr_flag],
[[0]])


m4_define([b4_percent_define_syncline(lr.keep-unreachable-states)],
[[]])


m4_define([b4_check_max],
[[127]])


m4_define([b4_spec_graph_file],
[[]])


m4_define([b4_rline_min],
[[0]])


m4_define([b4_toknum],
[[     0,   256,   257,   258,   259,   260,   261,   262,   263,   264,
     265,   266,   267,   268,   269,   270,   271,   272,   273,   274,
     275,   276,   277,   278,   279,   280,   281,   282,   283,   284,
     285,   286,   287,   288,   289,   290,   291,   292,   293,   294,
     295,   296,   297,   298,   299,   300,   301,   302,   303,   304,
     305,   306,   307,   308,   309,   310,   311,   312,   313,   314,
     315]])


m4_define([b4_defgoto_max],
[[129]])


m4_define([b4_version],
[[2.7]])


m4_define([b4_translate_min],
[[0]])


m4_define([b4_stype],
[[]b4_syncline(8, [["tradd.y"]])[
 char* s; int ent;
]])


m4_define([b4_pkgdatadir],
[[C:\Flex Windows\bison\bin\data]])


m4_define([b4_pgoto_min],
[[-54]])


m4_define([b4_rhs_max],
[[83]])


m4_define([b4_pgoto],
[[   -54,   -54,   -54,   -54,     2,     5,   123,    41,   -54,   -14,
     -54,   -54,   -54,   -54,   -54,   -54,   -54,   -54,   -54,    42,
     -54,   -54,   -54]])


m4_define([b4_pact_max],
[[132]])


m4_define([b4_debug_flag],
[[0]])


m4_define([b4_yacc_flag],
[[1]])


m4_define([b4_spec_verbose_file],
[[]])


m4_define([b4_conflict_list_heads_min],
[[0]])


m4_define([b4_tname],
[["$][end", "error", "$][undefined", "ANA", "NTA", "NTI", "HNA", "NTUMA",
  "ADJF", "HIYA", "ANAPR", "SUBM", "PRADV", "SUBF", "SUBMP", "SUBFP",
  "ADJ", "QUEST", "TADV", "NADV", "NTIFF", "NTAF", "ANAF", "HOWAF",
  "HOMAN", "HIYAF", "HNAF", "HOMAF", "NTOMAF", "ANANTAN", "NTAPR", "NTIPR",
  "ADJMP", "HOWAPR", "ADJFP", "HIYAPR", "HNAPR", "HIYAP", "HOMAPR", "ANAP",
  "IMPF", "EXCL", "NTAP", "HNAP", "NTOMAPR", "NTOMAP", "HOMAP", "IMPP",
  "COMMA", "PINTERO", "PADV", "FADV", "VERBR", "HIYAN", "HNAN", "HOMA",
  "HOWA", "HOWAN", "NTOMA", "NTOMAN", "NUM", "$][accept", "phrase", "AFF",
  "SVS", "SM", "SF", "S", "PF", "B", "SUBJ", "FUTUR", "BE", "PAST", "BEG",
  "PRESENT", "N", "A", "O", "SA", "E", "NEG", "QUES", "IMPE", ]b4_null[]])


m4_define([b4_defact],
[[     0,     0,     0,     0,    50,    49,    13,    12,     0,    14,
      51,    52,     0,     0,     0,     0,     0,     0,    17,    11,
       0,     0,     2,     6,     0,     0,     0,     0,     8,     0,
       9,     0,    10,     0,     7,     3,     4,     5,    53,    55,
      56,    54,     0,    59,    60,     0,    61,     0,     0,    41,
       0,    23,    21,    24,    22,     0,     0,    33,    20,     0,
       0,     1,     0,     0,     0,     0,     0,     0,     0,    19,
      18,     0,     0,     0,     0,     0,     0,     0,     0,     0,
      15,    16,     0,     0,     0,     0,     0,     0,     0,     0,
       0,    57,    58,    62,     0,     0,     0,     0,     0,    73,
      74,    75,     0,     0,     0,     0,     0,     0,     0,     0,
       0,     0,     0,     0,     0,     0,     0,     0,     0,     0,
       0,     0,     0,     0,     0,     0,     0,     0,    63,    64,
      65,    66,    70,    72,    71,    67,    68,    69,    25,    26,
      27,    31,    32,    28,    29,    30,    34,    36,    35,    38,
      39,    37,    40,    42,    44,    43,    46,    47,    45,    48]])


m4_define([b4_tokens_number],
[[61]])


m4_define([b4_stos_max],
[[83]])


m4_define([b4_merger_min],
[[0]])


m4_define([b4_table_max],
[[159]])


m4_define([b4_spec_name_prefix],
[[]])


m4_define([b4_epilogue],
[[]b4_syncline(107, [["tradd.y"]])[


int main()
{  printf("veuillez entrer votre phrase en darija :");
  if(!yyparse())
		printf("\n Parsing complete \n ");
	else
		printf("\n votre phrase est incorrecte syntaxiquement veuillez la corriger \n");
		return 0;
}


]])


m4_define([b4_table_ninf],
[[-20]])


m4_define([b4_prhs],
[[     0,     0,     3,     5,     7,     9,    11,    13,    15,    17,
      19,    21,    23,    25,    27,    29,    31,    33,    35,    37,
      39,    42,    44,    46,    48,    50,    55,    60,    65,    70,
      75,    80,    85,    90,    93,    98,   103,   108,   113,   118,
     123,   128,   131,   136,   141,   146,   151,   156,   161,   166,
     168,   170,   172,   174,   176,   178,   180,   182,   184,   186,
     189,   192,   195,   198,   200,   205,   210,   215,   220,   225,
     230,   235,   240,   245,   249,   253]])


m4_define([b4_check],
[[    14,    54,     0,    17,    32,     0,    34,     3,     4,     5,
       6,     7,    48,     9,     8,    11,    12,    13,    14,    15,
      24,    17,     8,    24,    16,    11,    52,    13,    42,    27,
      16,    45,    27,    47,    48,    29,    50,    29,    11,    48,
      13,    14,    15,    29,    40,    48,    60,    59,    62,    63,
      64,    47,     0,    24,    50,    51,    52,    57,    41,    55,
      56,    41,    58,     3,     4,     5,     6,    41,    27,     9,
      29,    11,    31,    13,    14,    15,     3,     4,     5,     6,
      22,    53,     9,    21,    11,    20,    13,    14,    15,    26,
      23,    25,   106,   107,   108,   109,   110,   111,   112,   113,
     114,   115,   116,   117,   118,   119,   120,   121,   122,   123,
     124,   125,   126,   127,    28,    55,    56,    27,    58,    39,
      42,    42,    45,    10,     3,     4,     5,     6,    55,    56,
       9,    58,    11,    37,    13,    14,    15,    95,    96,    97,
      43,    46,    30,    36,   102,   103,   104,   105,    30,    44,
      35,    19,    38,    49,    31,    -1,    -1,    -1,    -1,    -1,
      -1,    -1,    -1,    -1,    -1,    -1,    -1,    -1,    -1,    -1,
      -1,    -1,    -1,    -1,    -1,    -1,    55,    56,    -1,    58]])


m4_define([b4_nterms_number],
[[23]])


m4_define([b4_rline_max],
[[105]])


m4_define([b4_dprec],
[[     0,     0,     0,     0,     0,     0,     0,     0,     0,     0,
       0,     0,     0,     0,     0,     0,     0,     0,     0,     0,
       0,     0,     0,     0,     0,     0,     0,     0,     0,     0,
       0,     0,     0,     0,     0,     0,     0,     0,     0,     0,
       0,     0,     0,     0,     0,     0,     0,     0,     0,     0,
       0,     0,     0,     0,     0,     0,     0,     0,     0,     0,
       0,     0,     0,     0,     0,     0,     0,     0,     0,     0,
       0,     0,     0,     0,     0,     0]])


m4_define([b4_percent_define_loc(lr.default-reductions)],
[[[[<default value>:-1.-1]], [[<default value>:-1.-1]]]])


m4_define([b4_rline],
[[     0,    35,    35,    36,    37,    38,    41,    42,    44,    45,
      46,    48,    48,    49,    49,    50,    50,    51,    51,    51,
      52,    55,    55,    55,    55,    56,    57,    58,    59,    60,
      61,    62,    63,    65,    66,    67,    68,    69,    70,    71,
      72,    74,    77,    78,    79,    80,    81,    82,    83,    86,
      86,    86,    86,    87,    87,    87,    87,    88,    88,    89,
      90,    91,    92,    94,    95,    96,    97,    98,    99,   100,
     101,   102,   104,   105,   105,   105]])


m4_define([b4_prhs_min],
[[0]])


m4_define([b4_percent_define_bison_variables(lr.keep-unreachable-states)],
[[]])


m4_define([b4_spec_outfile],
[[]])


m4_define([b4_translate_max],
[[60]])


m4_define([b4_user_token_number_max],
[[315]])


m4_define([b4_r1_min],
[[0]])


m4_define([b4_max_left_semantic_context],
[[0]])


m4_define([b4_pgoto_max],
[[123]])


m4_define([b4_rules_number],
[[75]])


m4_define([b4_file_name_all_but_ext],
[[y.tab]])


m4_define([b4_error_verbose_flag],
[[0]])


m4_define([b4_percent_define(lr.type)],
[[lalr]])


m4_define([b4_r2_min],
[[0]])


m4_define([b4_pact],
[[     4,    14,     8,     6,   -53,   -54,   -54,   -54,   -36,   -54,
      -4,    -1,   -26,    27,    27,    -9,    -3,    27,   -54,   -54,
     -12,    52,   -54,   -54,     0,    28,    29,    60,   -54,    73,
     -54,   121,   -54,   -28,   -54,   -54,   -54,   -54,   -54,   -54,
     -54,   -54,    27,   -54,   -54,    27,   -54,    27,    27,   -54,
      27,   -54,   -54,   -54,   -54,    17,    20,   -54,   -54,    26,
      27,   -54,    27,    27,    27,    58,    62,    65,    63,   -54,
     -54,    86,    67,    66,    90,    80,    78,    79,    97,    77,
     -54,   -54,    96,    95,   113,   112,   118,   107,   105,   115,
     114,   -54,   -54,   -54,   132,   132,   132,   132,   104,   -54,
     -54,   -54,   132,   132,   132,   132,    27,    27,    27,    27,
      27,    27,    27,    27,    27,    27,    27,    27,    27,    27,
      27,    27,    27,    27,    27,    27,    27,    27,   -54,   -54,
     -54,   -54,   -54,   -54,   -54,   -54,   -54,   -54,   -54,   -54,
     -54,   -54,   -54,   -54,   -54,   -54,   -54,   -54,   -54,   -54,
     -54,   -54,   -54,   -54,   -54,   -54,   -54,   -54,   -54,   -54]])


m4_define([b4_dprec_min],
[[0]])


m4_define([b4_defact_min],
[[0]])


m4_define([b4_percent_define(lr.keep-unreachable-states)],
[[false]])


m4_define([b4_synclines_flag],
[[1]])


m4_define([b4_nondeterministic_flag],
[[0]])


m4_define([b4_defines_flag],
[[1]])


m4_define([b4_conflict_list_heads_max],
[[0]])


m4_define([b4_dir_prefix],
[[]])


m4_define([b4_merger_max],
[[0]])


m4_define([b4_undef_token_number],
[[2]])


m4_define([b4_percent_define_bison_variables(lr.type)],
[[]])


m4_define([b4_percent_define_loc(lr.keep-unreachable-states)],
[[[[<default value>:-1.-1]], [[<default value>:-1.-1]]]])


m4_define([b4_prhs_max],
[[253]])


m4_define([b4_spec_file_prefix],
[[]])


m4_define([b4_r1_max],
[[83]])


m4_define([b4_percent_define_bison_variables(lr.default-reductions)],
[[]])


m4_define([b4_percent_define_loc(lr.type)],
[[[[<default value>:-1.-1]], [[<default value>:-1.-1]]]])


m4_define([b4_toknum_min],
[[0]])


m4_define([b4_percent_define(lr.default-reductions)],
[[most]])


m4_define([b4_spec_defines_file],
[[y.tab.h]])


m4_define([b4_conflicting_rules_min],
[[0]])


m4_define([b4_r1],
[[     0,    61,    62,    62,    62,    62,    63,    63,    64,    64,
      64,    65,    65,    66,    66,    67,    67,    68,    68,    68,
      69,    70,    70,    70,    70,    71,    71,    71,    71,    71,
      71,    71,    71,    72,    73,    73,    73,    73,    73,    73,
      73,    74,    75,    75,    75,    75,    75,    75,    75,    76,
      76,    76,    76,    77,    77,    77,    77,    78,    78,    79,
      79,    79,    79,    80,    81,    81,    81,    81,    81,    81,
      81,    81,    82,    83,    83,    83]])


m4_define([b4_pre_prologue],
[[]b4_syncline(1, [["tradd.y"]])[

    #include<stdio.h>
    #include<stdlib.h>
    #include<string.h>
    #include<ctype.h>
]])


m4_define([b4_r2],
[[     0,     2,     1,     1,     1,     1,     1,     1,     1,     1,
       1,     1,     1,     1,     1,     1,     1,     1,     1,     1,
       2,     1,     1,     1,     1,     4,     4,     4,     4,     4,
       4,     4,     4,     2,     4,     4,     4,     4,     4,     4,
       4,     2,     4,     4,     4,     4,     4,     4,     4,     1,
       1,     1,     1,     1,     1,     1,     1,     1,     1,     2,
       2,     2,     2,     1,     4,     4,     4,     4,     4,     4,
       4,     4,     4,     3,     3,     3]])


m4_define([b4_check_min],
[[-1]])


m4_define([b4_states_number],
[[160]])


m4_define([b4_r2_max],
[[4]])


m4_define([b4_dprec_max],
[[0]])


m4_define([b4_defgoto],
[[    -1,    21,    22,    23,    80,    81,    82,    26,    27,    55,
      28,    29,    30,    31,    32,    33,    43,    93,    34,   129,
      35,    36,    37]])


m4_define([b4_defact_max],
[[75]])


m4_define([b4_stos],
[[     0,     3,     4,     5,     6,     7,     9,    11,    12,    13,
      14,    15,    17,    40,    47,    50,    51,    52,    55,    56,
      58,    62,    63,    64,    65,    66,    68,    69,    71,    72,
      73,    74,    75,    76,    79,    81,    82,    83,     8,    11,
      13,    16,    29,    77,    16,    29,     8,    29,    54,    48,
      52,    11,    13,    14,    15,    70,    70,    48,    48,    70,
      59,     0,    57,    53,    24,     3,     4,     5,     6,    14,
      15,    58,    65,    66,    68,     3,     4,     5,     6,    58,
      65,    66,    67,    68,     3,     4,     5,     6,    58,    67,
      68,    32,    34,    78,    70,    70,    70,    70,    70,    41,
      41,    41,    70,    70,    70,    70,    22,    21,    20,    26,
      28,    23,    25,    27,    39,    42,    42,    43,    45,    37,
      46,    10,    30,    30,    36,    44,    35,    38,    19,    80,
      80,    80,    80,    49,    80,    80,    80,    80,    70,    70,
      70,    70,    70,    70,    70,    70,    70,    70,    70,    70,
      70,    70,    70,    70,    70,    70,    70,    70,    70,    70]])


m4_define([b4_final_state_number],
[[61]])


m4_define([b4_defgoto_min],
[[-1]])


m4_define([b4_file_name],
[["tradd.y"]])


m4_define([b4_percent_define_syncline(lr.default-reductions)],
[[]])


m4_define([b4_percent_define_syncline(lr.type)],
[[]])


m4_define([b4_locations_flag],
[[0]])


m4_define([b4_rhs_min],
[[-1]])


m4_define([b4_pact_min],
[[-54]])


m4_define([b4_conflicting_rules],
[[     0]])


